0 0.2849462365591398 0.16682509505703422 0.5591397849462366 0.32604562737642584
0 0.8232526881720431 0.10408745247148289 0.36155913978494625 0.2005703422053232
0 0.842741935483871 0.27138783269961975 0.08064516129032259 0.13403041825095058
0 0.32997311827956993 0.45769961977186313 0.12231182795698926 0.2423954372623574
0 0.13911290322580647 0.41159695817490494 0.2755376344086022 0.10266159695817491
0 0.27083333333333337 0.6872623574144486 0.1706989247311828 0.12547528517110265
0 0.0974462365591398 0.8056083650190115 0.17876344086021506 0.2005703422053232
0 0.34946236559139787 0.8403041825095057 0.1424731182795699 0.13688212927756654
0 0.6256720430107527 0.81606463878327 0.2755376344086022 0.18916349809885932
0 0.8978494623655915 0.8531368821292775 0.21236559139784947 0.1150190114068441
0 0.8447580645161291 0.48051330798479086 0.30510752688172044 0.16254752851711027
0 0.8125000000000001 0.625 0.37500000000000006 0.1397338403041825
