0 0.28225806451612906 0.17015209125475286 0.5591397849462366 0.3288973384030418
0 0.821236559139785 0.16920152091254753 0.3575268817204301 0.33269961977186313
0 0.8131720430107527 0.5456273764258555 0.3602150537634409 0.27756653992395436
0 0.3057795698924731 0.45722433460076045 0.15725806451612903 0.23574144486692014
0 0.11357526881720431 0.4206273764258555 0.21639784946236562 0.08460076045627377
0 0.26545698924731187 0.685361216730038 0.2056451612903226 0.12167300380228137
0 0.08266129032258066 0.8265209125475285 0.16263440860215056 0.15874524714828897
0 0.353494623655914 0.8369771863117871 0.1478494623655914 0.14163498098859315
0 0.6384408602150539 0.8179657794676806 0.28763440860215056 0.18536121673003803
0 0.8958333333333334 0.8507604562737643 0.21370967741935484 0.11787072243346007
