0 0.19119669876203577 0.13777994157740994 0.3603851444291609 0.24440116845180138
0 0.47386519944979366 0.14070107108081792 0.18844566712517194 0.2775073028237585
0 0.7640990371389271 0.17039922103213243 0.1279229711141678 0.3310613437195716
0 0.9140302613480055 0.08617332035053554 0.17469050894085283 0.04965920155793574
0 0.6327372764786795 0.10126582278481013 0.1375515818431912 0.04089581304771178
0 0.6354883081155434 0.23369036027263876 0.1375515818431912 0.054527750730282376
0 0.17537826685006877 0.34810126582278483 0.1361760660247593 0.08860759493670886
0 0.5316368638239339 0.4143135345666991 0.39477303988995877 0.09250243427458618
0 0.5639614855570839 0.4245374878286271 0.055020632737276476 0.2765335929892892
0 0.5240715268225584 0.5267770204479065 0.06052269601100413 0.07789678675754626
0 0.24552957359009628 0.5632911392405063 0.2407152682255846 0.1450827653359299
0 0.374828060522696 0.7059396299902629 0.09766162310866575 0.0934761441090555
0 0.21939477303988997 0.8378773125608568 0.24346629986244842 0.12755598831548198
0 0.4814305364511692 0.9177215189873418 0.40440165061898214 0.02629016553067186
0 0.8163686382393398 0.7327166504381695 0.35900962861072905 0.18597857838364168
0 0.907152682255846 0.8758519961051607 0.05639614855570839 0.09834469328140215
