0 0.16801075268817206 0.10693916349809886 0.31451612903225806 0.2005703422053232
0 0.7533602150537635 0.11169201520912547 0.1895161290322581 0.20437262357414449
0 0.9233870967741936 0.24287072243346008 0.15591397849462366 0.1188212927756654
0 0.04502688172043011 0.3835551330798479 0.08736559139784947 0.2423954372623574
0 0.1821236559139785 0.5342205323193916 0.353494623655914 0.06463878326996197
0 0.23588709677419356 0.4306083650190114 0.28897849462365593 0.13878326996197718
0 0.1948924731182796 0.7328897338403042 0.3467741935483871 0.2946768060836502
0 0.5262096774193549 0.8479087452471483 0.14650537634408603 0.12357414448669202
0 0.9146505376344086 0.6259505703422054 0.15456989247311828 0.18726235741444866
0 0.9065860215053764 0.7942015209125475 0.1895161290322581 0.14543726235741444
0 0.6780913978494624 0.4234790874524715 0.37231182795698925 0.21387832699619772
